{
 "cells": [
  {
   "cell_type": "code",
   "execution_count": 1,
   "id": "severe-reporter",
   "metadata": {},
   "outputs": [],
   "source": [
    "import sys\n",
    "import logging\n",
    "import math\n",
    "\n",
    "import pandas as pd\n",
    "import numpy as np\n",
    "from functools import reduce\n",
    "\n",
    "import matplotlib\n",
    "import matplotlib.pyplot as plt\n",
    "\n",
    "from IPython.core.display import HTML\n",
    "\n",
    "pd.options.display.max_rows = 1000\n",
    "pd.options.display.max_columns = 1000\n",
    "\n",
    "import plotly.express as px\n",
    "\n",
    "%matplotlib inline\n",
    "\n",
    "matplotlib.style.use(\"Solarize_Light2\")\n",
    "\n",
    "sys.path.insert(0, \"/opt/vssexclude/personal/kaggle/k_tab_sept\")"
   ]
  },
  {
   "cell_type": "code",
   "execution_count": 2,
   "id": "confident-romania",
   "metadata": {},
   "outputs": [],
   "source": [
    "%load_ext autoreload\n",
    "%autoreload 2\n",
    "%config Completer.use_jedi = False"
   ]
  },
  {
   "cell_type": "code",
   "execution_count": 3,
   "id": "efficient-hybrid",
   "metadata": {},
   "outputs": [],
   "source": [
    "import src.config.constants as constants\n",
    "import src.munging as process_data\n",
    "import src.viz as viz\n",
    "import src.common as common\n",
    "\n",
    "import src.modeling as train_util"
   ]
  },
  {
   "cell_type": "code",
   "execution_count": 4,
   "id": "exciting-bottle",
   "metadata": {},
   "outputs": [],
   "source": [
    "logger = common.get_logger(\"eda\")"
   ]
  },
  {
   "cell_type": "code",
   "execution_count": 5,
   "id": "environmental-bowling",
   "metadata": {},
   "outputs": [
    {
     "name": "stdout",
     "output_type": "stream",
     "text": [
      "[INFO]2021-09-30 10:44:53,482:eda:Reading Data from /opt/vssexclude/personal/kaggle/k_tab_sept/data/processed...\n",
      "[INFO]2021-09-30 10:44:54,024:eda:Shape of train_df : (957919, 119)\n",
      "[INFO]2021-09-30 10:44:54,268:eda:Shape of test_df : (493474, 118)\n",
      "[INFO]2021-09-30 10:44:54,281:eda:Shape of sample_submission_df : (493474, 1)\n"
     ]
    }
   ],
   "source": [
    "train_df, test_df, sample_submission_df = process_data.read_processed_data(\n",
    "    logger, constants.PROCESSED_DATA_DIR, train=True, test=True, sample_submission=True\n",
    ")"
   ]
  },
  {
   "cell_type": "code",
   "execution_count": 72,
   "id": "comprehensive-internship",
   "metadata": {},
   "outputs": [
    {
     "name": "stdout",
     "output_type": "stream",
     "text": [
      "[INFO]2021-09-30 11:01:04,014:eda:Shape of submission and oof file (493474, 2), (957919, 2)\n",
      "[INFO]2021-09-30 11:01:04,283:eda:Shape of submission and oof file (493474, 2), (957919, 2)\n",
      "[INFO]2021-09-30 11:01:04,553:eda:Shape of submission and oof file (493474, 2), (957919, 2)\n",
      "[INFO]2021-09-30 11:01:04,822:eda:Shape of submission and oof file (493474, 2), (957919, 2)\n",
      "[INFO]2021-09-30 11:01:05,120:eda:Shape of submission and oof file (493474, 2), (957919, 2)\n",
      "[INFO]2021-09-30 11:01:05,416:eda:Shape of submission and oof file (493474, 2), (957919, 2)\n",
      "[INFO]2021-09-30 11:01:05,691:eda:Shape of submission and oof file (493474, 2), (957919, 2)\n",
      "[INFO]2021-09-30 11:01:06,459:eda:Shape of submission and oof file (493474, 2), (957919, 2)\n",
      "[INFO]2021-09-30 11:01:06,726:eda:Shape of submission and oof file (493474, 2), (957919, 2)\n",
      "[INFO]2021-09-30 11:01:06,993:eda:Shape of submission and oof file (493474, 2), (957919, 2)\n",
      "[INFO]2021-09-30 11:01:07,263:eda:Shape of submission and oof file (493474, 2), (957919, 2)\n",
      "[INFO]2021-09-30 11:01:07,530:eda:Shape of submission and oof file (493474, 2), (957919, 2)\n",
      "[INFO]2021-09-30 11:01:07,799:eda:Shape of submission and oof file (493474, 2), (957919, 2)\n",
      "[INFO]2021-09-30 11:01:08,095:eda:Shape of submission and oof file (493474, 2), (957919, 2)\n",
      "[INFO]2021-09-30 11:01:08,362:eda:Shape of submission and oof file (493474, 2), (957919, 2)\n",
      "[INFO]2021-09-30 11:01:08,660:eda:Shape of submission and oof file (493474, 2), (957919, 2)\n",
      "[INFO]2021-09-30 11:01:08,928:eda:Shape of submission and oof file (493474, 2), (957919, 2)\n"
     ]
    }
   ],
   "source": [
    "TARGET = \"claim\"\n",
    "\n",
    "sub_1_predition_name = (\n",
    "    \"sub_lgb_K5_nonull_mean_sum_max_no_imp_no_scaler_params_K_0924_1159_0.81605.gz\"\n",
    ")\n",
    "sub_1_oof_name = (\n",
    "    \"oof_lgb_K5_nonull_mean_sum_max_no_imp_no_scaler_params_K_0924_1159_0.81605.csv\"\n",
    ")\n",
    "\n",
    "sub_1_test_pred = pd.read_csv(f\"{constants.SUBMISSION_DIR}/{sub_1_predition_name}\")\n",
    "sub_1_oof_pred = pd.read_csv(f\"{constants.OOF_DIR}/{sub_1_oof_name}\")\n",
    "logger.info(\n",
    "    f\"Shape of submission and oof file {sub_1_test_pred.shape}, {sub_1_oof_pred.shape}\"\n",
    ")\n",
    "\n",
    "sub_2_predition_name = (\n",
    "    \"sub_lgb_K10_nonull_mean_sum_max_mean_imp_no_scaler_params_K_0924_1406_0.81633.gz\"\n",
    ")\n",
    "sub_2_oof_name = (\n",
    "    \"oof_lgb_K10_nonull_mean_sum_max_mean_imp_no_scaler_params_K_0924_1406_0.81633.csv\"\n",
    ")\n",
    "\n",
    "sub_2_test_pred = pd.read_csv(f\"{constants.SUBMISSION_DIR}/{sub_2_predition_name}\")\n",
    "sub_2_oof_pred = pd.read_csv(f\"{constants.OOF_DIR}/{sub_2_oof_name}\")\n",
    "logger.info(\n",
    "    f\"Shape of submission and oof file {sub_2_test_pred.shape}, {sub_2_oof_pred.shape}\"\n",
    ")\n",
    "\n",
    "\n",
    "sub_3_predition_name = (\n",
    "    \"sub_xgb_K10_nonull_mean_sum_max_custom_imp_StScaler_K_params_0921_2239_0.81649.gz\"\n",
    ")\n",
    "sub_3_oof_name = (\n",
    "    \"oof_xgb_K10_nonull_mean_sum_max_custom_imp_StScaler_K_params_0921_2239_0.81649.csv\"\n",
    ")\n",
    "\n",
    "sub_3_test_pred = pd.read_csv(f\"{constants.SUBMISSION_DIR}/{sub_3_predition_name}\")\n",
    "sub_3_oof_pred = pd.read_csv(f\"{constants.OOF_DIR}/{sub_3_oof_name}\")\n",
    "logger.info(\n",
    "    f\"Shape of submission and oof file {sub_3_test_pred.shape}, {sub_3_oof_pred.shape}\"\n",
    ")\n",
    "\n",
    "sub_4_predition_name = (\n",
    "    \"sub_xgb_K10_nonull_mean_sum_max_no_imp_no_scaler_K_params_0922_1630_0.81634.gz\"\n",
    ")\n",
    "sub_4_oof_name = (\n",
    "    \"oof_xgb_K10_nonull_mean_sum_max_no_imp_no_scaler_K_params_0922_1630_0.81634.csv\"\n",
    ")\n",
    "\n",
    "sub_4_test_pred = pd.read_csv(f\"{constants.SUBMISSION_DIR}/{sub_4_predition_name}\")\n",
    "sub_4_oof_pred = pd.read_csv(f\"{constants.OOF_DIR}/{sub_4_oof_name}\")\n",
    "logger.info(\n",
    "    f\"Shape of submission and oof file {sub_4_test_pred.shape}, {sub_4_oof_pred.shape}\"\n",
    ")\n",
    "\n",
    "sub_5_predition_name = (\n",
    "    \"sub_cat_K10_nonull_full_data_mean_sum_max_Kaggle_bin_params_0921_2000_0.81612.gz\"\n",
    ")\n",
    "sub_5_oof_name = (\n",
    "    \"oof_cat_K10_nonull_full_data_mean_sum_max_Kaggle_bin_params_0921_2000_0.81612.csv\"\n",
    ")\n",
    "\n",
    "sub_5_test_pred = pd.read_csv(f\"{constants.SUBMISSION_DIR}/{sub_5_predition_name}\")\n",
    "sub_5_oof_pred = pd.read_csv(f\"{constants.OOF_DIR}/{sub_5_oof_name}\")\n",
    "logger.info(\n",
    "    f\"Shape of submission and oof file {sub_5_test_pred.shape}, {sub_5_oof_pred.shape}\"\n",
    ")\n",
    "\n",
    "\n",
    "sub_6_predition_name = (\n",
    "    \"sub_cat_K10_nonull_mean_sum_max_noImp_noScaler_K_params_0922_0747_0.81549.gz\"\n",
    ")\n",
    "sub_6_oof_name = (\n",
    "    \"oof_cat_K10_nonull_mean_sum_max_noImp_noScaler_K_params_0922_0747_0.81549.csv\"\n",
    ")\n",
    "\n",
    "sub_6_test_pred = pd.read_csv(f\"{constants.SUBMISSION_DIR}/{sub_6_predition_name}\")\n",
    "sub_6_oof_pred = pd.read_csv(f\"{constants.OOF_DIR}/{sub_6_oof_name}\")\n",
    "logger.info(\n",
    "    f\"Shape of submission and oof file {sub_6_test_pred.shape}, {sub_6_oof_pred.shape}\"\n",
    ")\n",
    "\n",
    "\n",
    "# New submissions\n",
    "\n",
    "sub_7_predition_name = \"sub_lgb_K10_nonull_mean_sum_max_40_48_95_3_mean_imp_no_scaler_params_K_0928_1536_0.81645.gz\"\n",
    "sub_7_oof_name = \"oof_lgb_K10_nonull_mean_sum_max_40_48_95_3_mean_imp_no_scaler_params_K_0928_1536_0.81645.csv\"\n",
    "\n",
    "sub_7_test_pred = pd.read_csv(f\"{constants.SUBMISSION_DIR}/{sub_7_predition_name}\")\n",
    "sub_7_oof_pred = pd.read_csv(f\"{constants.OOF_DIR}/{sub_7_oof_name}\")\n",
    "logger.info(\n",
    "    f\"Shape of submission and oof file {sub_7_test_pred.shape}, {sub_7_oof_pred.shape}\"\n",
    ")\n",
    "\n",
    "sub_8_predition_name = \"sub_lgb_K10_nonull_mean_sum_max_40_48_95_3_no_imp_no_scaler_params_K_0928_1834_0.81627.gz\"\n",
    "sub_8_oof_name = \"oof_lgb_K10_nonull_mean_sum_max_40_48_95_3_no_imp_no_scaler_params_K_0928_1834_0.81627.csv\"\n",
    "\n",
    "sub_8_test_pred = pd.read_csv(f\"{constants.SUBMISSION_DIR}/{sub_8_predition_name}\")\n",
    "sub_8_oof_pred = pd.read_csv(f\"{constants.OOF_DIR}/{sub_8_oof_name}\")\n",
    "logger.info(\n",
    "    f\"Shape of submission and oof file {sub_8_test_pred.shape}, {sub_8_oof_pred.shape}\"\n",
    ")\n",
    "\n",
    "# tsne\n",
    "sub_9_predition_name = \"sub_lgb_K5_nonull_mean_sum_max_tsne_0917_1621_0.81337.gz\"\n",
    "sub_9_oof_name = \"oof_lgb_K5_nonull_mean_sum_max_tsne_0917_1621_0.81337.csv\"\n",
    "\n",
    "sub_9_test_pred = pd.read_csv(f\"{constants.SUBMISSION_DIR}/{sub_9_predition_name}\")\n",
    "sub_9_oof_pred = pd.read_csv(f\"{constants.OOF_DIR}/{sub_9_oof_name}\")\n",
    "logger.info(\n",
    "    f\"Shape of submission and oof file {sub_9_test_pred.shape}, {sub_9_oof_pred.shape}\"\n",
    ")\n",
    "\n",
    "# all features\n",
    "sub_10_predition_name = \"sub_lgb_all_features_params_from_K_0929_1848_0.81581.gz\"\n",
    "sub_10_oof_name = \"oof_lgb_all_features_params_from_K_0929_1848_0.81581.csv\"\n",
    "\n",
    "sub_10_test_pred = pd.read_csv(f\"{constants.SUBMISSION_DIR}/{sub_10_predition_name}\")\n",
    "sub_10_oof_pred = pd.read_csv(f\"{constants.OOF_DIR}/{sub_10_oof_name}\")\n",
    "logger.info(\n",
    "    f\"Shape of submission and oof file {sub_10_test_pred.shape}, {sub_10_oof_pred.shape}\"\n",
    ")\n",
    "\n",
    "# Logistic Regression\n",
    "sub_11_predition_name = \"sub_logistic_K10_nonull_mean_sum_max_f40_48_95_3_no_imp_no_scaler_K_params_0928_1259_0.79925.gz\"\n",
    "sub_11_oof_name = \"oof_logistic_K10_nonull_mean_sum_max_f40_48_95_3_no_imp_no_scaler_K_params_0928_1259_0.79925.csv\"\n",
    "\n",
    "sub_11_test_pred = pd.read_csv(f\"{constants.SUBMISSION_DIR}/{sub_11_predition_name}\")\n",
    "sub_11_oof_pred = pd.read_csv(f\"{constants.OOF_DIR}/{sub_11_oof_name}\")\n",
    "logger.info(\n",
    "    f\"Shape of submission and oof file {sub_11_test_pred.shape}, {sub_11_oof_pred.shape}\"\n",
    ")\n",
    "\n",
    "\n",
    "# New XGB\n",
    "sub_12_predition_name = \"sub_xgb_K10_nonull_mean_sum_max_f40_48_95_3_custom_imp_StScaler_K_params_0927_1959_0.81639.gz\"\n",
    "sub_12_oof_name = \"oof_xgb_K10_nonull_mean_sum_max_f40_48_95_3_custom_imp_StScaler_K_params_0927_1959_0.81639.csv\"\n",
    "\n",
    "sub_12_test_pred = pd.read_csv(f\"{constants.SUBMISSION_DIR}/{sub_12_predition_name}\")\n",
    "sub_12_oof_pred = pd.read_csv(f\"{constants.OOF_DIR}/{sub_12_oof_name}\")\n",
    "logger.info(\n",
    "    f\"Shape of submission and oof file {sub_12_test_pred.shape}, {sub_12_oof_pred.shape}\"\n",
    ")\n",
    "\n",
    "sub_13_predition_name = \"sub_xgb_K10_nonull_mean_sum_max_f40_48_95_3_no_imp_no_scaler_K_params_0928_1645_0.81514.gz\"\n",
    "sub_13_oof_name = \"oof_xgb_K10_nonull_mean_sum_max_f40_48_95_3_no_imp_no_scaler_K_params_0928_1645_0.81514.csv\"\n",
    "\n",
    "sub_13_test_pred = pd.read_csv(f\"{constants.SUBMISSION_DIR}/{sub_13_predition_name}\")\n",
    "sub_13_oof_pred = pd.read_csv(f\"{constants.OOF_DIR}/{sub_13_oof_name}\")\n",
    "logger.info(\n",
    "    f\"Shape of submission and oof file {sub_13_test_pred.shape}, {sub_13_oof_pred.shape}\"\n",
    ")\n",
    "\n",
    "# New Cat\n",
    "sub_14_predition_name = \"sub_cat_K10_nonull_mean_sum_max_f40_48_95_3_SImp_RobScaler_K_params_0929_0406_0.81628.gz\"\n",
    "sub_14_oof_name = \"oof_cat_K10_nonull_mean_sum_max_f40_48_95_3_SImp_RobScaler_K_params_0929_0406_0.81628.csv\"\n",
    "\n",
    "sub_14_test_pred = pd.read_csv(f\"{constants.SUBMISSION_DIR}/{sub_14_predition_name}\")\n",
    "sub_14_oof_pred = pd.read_csv(f\"{constants.OOF_DIR}/{sub_14_oof_name}\")\n",
    "logger.info(\n",
    "    f\"Shape of submission and oof file {sub_14_test_pred.shape}, {sub_14_oof_pred.shape}\"\n",
    ")\n",
    "\n",
    "# New LGB Mean Encoding\n",
    "sub_15_predition_name = \"sub_lgb_K10_nonull_mean_sum_max_40_48_95_3_mean_encoding_mean_imp_no_scaler_params_K_0928_2156_0.81650.gz\"\n",
    "sub_15_oof_name = \"oof_lgb_K10_nonull_mean_sum_max_40_48_95_3_mean_encoding_mean_imp_no_scaler_params_K_0928_2156_0.81650.csv\"\n",
    "\n",
    "sub_15_test_pred = pd.read_csv(f\"{constants.SUBMISSION_DIR}/{sub_15_predition_name}\")\n",
    "sub_15_oof_pred = pd.read_csv(f\"{constants.OOF_DIR}/{sub_15_oof_name}\")\n",
    "logger.info(\n",
    "    f\"Shape of submission and oof file {sub_15_test_pred.shape}, {sub_15_oof_pred.shape}\")\n",
    "\n",
    "# # New LGB Pseudo Labeling\n",
    "# sub_16_predition_name = \"sub_lgb_K10_nonull_mean_sum_max_40_48_95_3_pseudo_labeling_mean_imp_no_scaler_params_K_0929_1237_0.82345.gz\"\n",
    "# sub_16_oof_name = \"oof_lgb_K10_nonull_mean_sum_max_40_48_95_3_pseudo_labeling_mean_imp_no_scaler_params_K_0929_1237_0.82345.csv\"\n",
    "\n",
    "# sub_16_test_pred = pd.read_csv(f\"{constants.SUBMISSION_DIR}/{sub_16_predition_name}\")\n",
    "# sub_16_oof_pred = pd.read_csv(f\"{constants.OOF_DIR}/{sub_16_oof_name}\")\n",
    "# sub_16_oof_pred.columns = [\"id\", \"0\"]\n",
    "# logger.info(\n",
    "#     f\"Shape of submission and oof file {sub_16_test_pred.shape}, {sub_16_oof_pred.shape}\")\n",
    "\n",
    "# New Cat\n",
    "sub_17_predition_name = \"sub_cat_K10_nonull_mean_sum_max_f40_48_95_3_noImp_noScaler_K_params_0929_1426_0.81556.gz\"\n",
    "sub_17_oof_name = \"oof_cat_K10_nonull_mean_sum_max_f40_48_95_3_noImp_noScaler_K_params_0929_1426_0.81556.csv\"\n",
    "\n",
    "sub_17_test_pred = pd.read_csv(f\"{constants.SUBMISSION_DIR}/{sub_17_predition_name}\")\n",
    "sub_17_oof_pred = pd.read_csv(f\"{constants.OOF_DIR}/{sub_17_oof_name}\")\n",
    "logger.info(\n",
    "    f\"Shape of submission and oof file {sub_17_test_pred.shape}, {sub_17_oof_pred.shape}\")\n",
    "\n",
    "# LGB Mean/Median\n",
    "sub_18_predition_name = \"sub_lgb_SK10_nonull_mean_sum_max_40_48_95_3_mean_median_imp_no_scaler_params_K_0929_1825_0.81638.gz\"\n",
    "sub_18_oof_name = \"oof_lgb_SK10_nonull_mean_sum_max_40_48_95_3_mean_median_imp_no_scaler_params_K_0929_1825_0.81638.csv\"\n",
    "\n",
    "sub_18_test_pred = pd.read_csv(f\"{constants.SUBMISSION_DIR}/{sub_18_predition_name}\")\n",
    "sub_18_oof_pred = pd.read_csv(f\"{constants.OOF_DIR}/{sub_18_oof_name}\")\n",
    "logger.info(\n",
    "    f\"Shape of submission and oof file {sub_18_test_pred.shape}, {sub_18_oof_pred.shape}\")\n",
    "\n",
    "\n",
    "oof_dfs = [\n",
    "    sub_1_oof_pred,\n",
    "    sub_2_oof_pred,\n",
    "    sub_3_oof_pred,\n",
    "    sub_4_oof_pred,\n",
    "    sub_5_oof_pred,\n",
    "    sub_6_oof_pred,\n",
    "    sub_7_oof_pred,\n",
    "    sub_8_oof_pred,\n",
    "    sub_9_oof_pred,\n",
    "    sub_10_oof_pred,\n",
    "    sub_11_oof_pred,\n",
    "    sub_12_oof_pred,\n",
    "    sub_13_oof_pred,\n",
    "    sub_14_oof_pred,\n",
    "    sub_15_oof_pred,\n",
    "    # sub_16_oof_pred,\n",
    "    sub_17_oof_pred,\n",
    "    sub_18_oof_pred,\n",
    "]\n",
    "\n",
    "l1_train_df = reduce(\n",
    "    lambda left, right: pd.merge(left, right, on=[\"id\"], how=\"left\"), oof_dfs\n",
    ")\n",
    "l1_train_df.columns = [\n",
    "    \"id\",\n",
    "    \"sub_1\",\n",
    "    \"sub_2\",\n",
    "    \"sub_3\",\n",
    "    \"sub_4\",\n",
    "    \"sub_5\",\n",
    "    \"sub_6\",\n",
    "    \"sub_7\",\n",
    "    \"sub_8\",\n",
    "    \"sub_9\",\n",
    "    \"sub_10\",\n",
    "    \"sub_11\",\n",
    "    \"sub_12\",\n",
    "    \"sub_13\",\n",
    "    \"sub_14\",\n",
    "    \"sub_15\",\n",
    "    # \"sub_16\",\n",
    "    \"sub_17\",\n",
    "    \"sub_18\",\n",
    "]\n",
    "l1_train_df = l1_train_df.set_index(\"id\")\n",
    "\n",
    "prediction_dfs = [\n",
    "    sub_1_test_pred,\n",
    "    sub_2_test_pred,\n",
    "    sub_3_test_pred,\n",
    "    sub_4_test_pred,\n",
    "    sub_5_test_pred,\n",
    "    sub_6_test_pred,\n",
    "    sub_7_test_pred,\n",
    "    sub_8_test_pred,\n",
    "    sub_9_test_pred,\n",
    "    sub_10_test_pred,\n",
    "    sub_11_test_pred,\n",
    "    sub_12_test_pred,\n",
    "    sub_13_test_pred,\n",
    "    sub_14_test_pred,\n",
    "    sub_15_test_pred,\n",
    "    # sub_16_test_pred,\n",
    "    sub_17_test_pred,\n",
    "    sub_18_test_pred,\n",
    "]\n",
    "l1_test_df = reduce(\n",
    "    lambda left, right: pd.merge(left, right, on=[\"id\"], how=\"left\"), prediction_dfs\n",
    ")\n",
    "l1_test_df.columns = [\n",
    "    \"id\",\n",
    "    \"sub_1\",\n",
    "    \"sub_2\",\n",
    "    \"sub_3\",\n",
    "    \"sub_4\",\n",
    "    \"sub_5\",\n",
    "    \"sub_6\",\n",
    "    \"sub_7\",\n",
    "    \"sub_8\",\n",
    "    \"sub_9\",\n",
    "    \"sub_10\",\n",
    "    \"sub_11\",\n",
    "    \"sub_12\",\n",
    "    \"sub_13\",\n",
    "    \"sub_14\",\n",
    "    \"sub_15\",\n",
    "    # \"sub_16\",\n",
    "    \"sub_17\",\n",
    "    \"sub_18\",\n",
    "]\n",
    "l1_test_df = l1_test_df.set_index(\"id\")"
   ]
  },
  {
   "cell_type": "code",
   "execution_count": 73,
   "id": "grateful-correlation",
   "metadata": {},
   "outputs": [],
   "source": [
    "c = l1_test_df.corr()\n",
    "s = c.unstack()\n",
    "so = s.sort_values(kind=\"quicksort\")"
   ]
  },
  {
   "cell_type": "code",
   "execution_count": 74,
   "id": "african-laundry",
   "metadata": {},
   "outputs": [],
   "source": [
    "features_to_retain = [\"sub_15\", \"sub_7\", \"sub_2\", \"sub_18\", \"sub_12\", \"sub_3\", \"sub_8\", \"sub_1\", \"sub_4\"]\n",
    "\n",
    "l1_test_df = l1_test_df[features_to_retain]\n",
    "l1_train_df = l1_train_df[features_to_retain]"
   ]
  },
  {
   "cell_type": "code",
   "execution_count": 77,
   "id": "compressed-crack",
   "metadata": {},
   "outputs": [
    {
     "data": {
      "text/plain": [
       "0.8167271846191935"
      ]
     },
     "execution_count": 77,
     "metadata": {},
     "output_type": "execute_result"
    }
   ],
   "source": [
    "avg_prediction_df = sub_1_test_pred.copy()\n",
    "avg_prediction_df['claim'] = (l1_test_df.pow(9, axis=0).sum(axis=1)/l1_test_df.shape[1]).values\n",
    "\n",
    "# Power is arbitrary - refer to blog post for more info to get a better power\n",
    "avg_oof_df = sub_1_oof_pred.copy()\n",
    "avg_oof_df = avg_oof_df.drop([\"0\"], axis=1)\n",
    "avg_oof_df.loc[:, 'claim'] = (l1_train_df.pow(9, axis=0).sum(axis=1)/l1_train_df.shape[1]).values\n",
    "\n",
    "oof_score = train_util._calculate_perf_metric(\"roc_auc\", train_df[TARGET], avg_oof_df[TARGET].values)\n",
    "oof_score"
   ]
  },
  {
   "cell_type": "code",
   "execution_count": null,
   "id": "federal-walker",
   "metadata": {},
   "outputs": [],
   "source": [
    "0.8167319970361134 - [\"sub_15\", \"sub_7\", \"sub_2\", \"sub_18\", \"sub_12\", \"sub_3\", \"sub_8\", \"sub_1\", \"sub_4\"]\n",
    "0.8167174253608351 - [\"sub_15\", \"sub_7\", \"sub_2\", \"sub_18\", \"sub_12\", \"sub_3\", \"sub_8\", \"sub_1\"]\n",
    "8167256784778456 - [\"sub_15\", \"sub_7\", \"sub_2\", \"sub_18\", \"sub_12\", \"sub_3\", \"sub_8\"]\n",
    "8167159807844084\n",
    "8166729978288225"
   ]
  },
  {
   "cell_type": "code",
   "execution_count": null,
   "id": "indirect-section",
   "metadata": {},
   "outputs": [],
   "source": [
    "sample_submission_df[TARGET] = avg_prediction_df[TARGET].values\n",
    "\n",
    "sample_submission_df.head()"
   ]
  },
  {
   "cell_type": "code",
   "execution_count": 28,
   "id": "fleet-creek",
   "metadata": {},
   "outputs": [
    {
     "data": {
      "text/plain": [
       "sub_11    0.842483\n",
       "sub_17    0.997144\n",
       "sub_6     0.997200\n",
       "sub_9     0.997476\n",
       "sub_14    0.997718\n",
       "sub_5     0.997823\n",
       "sub_10    0.998814\n",
       "sub_13    0.999283\n",
       "sub_4     0.999284\n",
       "sub_1     0.999393\n",
       "sub_8     0.999422\n",
       "sub_3     0.999549\n",
       "sub_12    0.999599\n",
       "sub_18    0.999738\n",
       "sub_15    0.999898\n",
       "sub_2     0.999929\n",
       "sub_7     1.000000\n",
       "dtype: float64"
      ]
     },
     "execution_count": 28,
     "metadata": {},
     "output_type": "execute_result"
    }
   ],
   "source": [
    "so[\"sub_7\"]"
   ]
  },
  {
   "cell_type": "code",
   "execution_count": 11,
   "id": "vital-training",
   "metadata": {},
   "outputs": [
    {
     "data": {
      "text/plain": [
       "sub_11    0.842184\n",
       "sub_17    0.997273\n",
       "sub_6     0.997344\n",
       "sub_9     0.997781\n",
       "sub_14    0.997783\n",
       "sub_5     0.997906\n",
       "sub_10    0.998974\n",
       "sub_13    0.999413\n",
       "sub_4     0.999422\n",
       "sub_1     0.999533\n",
       "sub_8     0.999561\n",
       "sub_3     0.999602\n",
       "sub_12    0.999680\n",
       "sub_18    0.999737\n",
       "sub_2     0.999893\n",
       "sub_7     0.999898\n",
       "sub_15    1.000000\n",
       "dtype: float64"
      ]
     },
     "execution_count": 11,
     "metadata": {},
     "output_type": "execute_result"
    }
   ],
   "source": [
    "so[\"sub_15\"]"
   ]
  },
  {
   "cell_type": "code",
   "execution_count": 99,
   "id": "engaging-community",
   "metadata": {},
   "outputs": [
    {
     "data": {
      "application/vnd.plotly.v1+json": {
       "config": {
        "plotlyServerURL": "https://plot.ly"
       },
       "data": [
        {
         "coloraxis": "coloraxis",
         "hovertemplate": "x: %{x}<br>y: %{y}<br>color: %{z}<extra></extra>",
         "name": "0",
         "type": "heatmap",
         "x": [
          "sub_1",
          "sub_2",
          "sub_3",
          "sub_4",
          "sub_5",
          "sub_6",
          "sub_7",
          "sub_8",
          "sub_9",
          "sub_12",
          "sub_13",
          "sub_14",
          "sub_15"
         ],
         "xaxis": "x",
         "y": [
          "sub_1",
          "sub_2",
          "sub_3",
          "sub_4",
          "sub_5",
          "sub_6",
          "sub_7",
          "sub_8",
          "sub_9",
          "sub_12",
          "sub_13",
          "sub_14",
          "sub_15"
         ],
         "yaxis": "y",
         "z": [
          [
           1,
           0.9994166553718656,
           0.9992326279119685,
           0.9996041496407022,
           0.9976998367134777,
           0.997678974544979,
           0.9993932388327031,
           0.9999046346241901,
           0.997847609706983,
           0.999321279123274,
           0.9995750122435603,
           0.9975496886410334,
           0.999533153148158
          ],
          [
           0.9994166553718656,
           1,
           0.9994777011118935,
           0.9992753846151159,
           0.9978236704946981,
           0.9972899680743831,
           0.9999289484296733,
           0.9994409041883283,
           0.9978770597611345,
           0.9995857235888382,
           0.9992486881602831,
           0.997667529901059,
           0.9998932596343223
          ],
          [
           0.9992326279119685,
           0.9994777011118935,
           1,
           0.9995650142440038,
           0.9980490313787006,
           0.9973269199774245,
           0.999549117867797,
           0.9992630990673584,
           0.9972567501863673,
           0.999920257960853,
           0.9995672326193722,
           0.9979778797852051,
           0.99960204861202
          ],
          [
           0.9996041496407022,
           0.9992753846151159,
           0.9995650142440038,
           1,
           0.9978917085504116,
           0.9977810651011715,
           0.9992843789669091,
           0.9996467103364085,
           0.9977294641341394,
           0.9996131304348311,
           0.9999527559313409,
           0.9977795223868595,
           0.9994217587369804
          ],
          [
           0.9976998367134777,
           0.9978236704946981,
           0.9980490313787006,
           0.9978917085504116,
           1,
           0.9988321592809851,
           0.9978232692417823,
           0.9977271164849729,
           0.995697827503203,
           0.9981022627873847,
           0.9978736723110908,
           0.9997725409951623,
           0.9979061543996457
          ],
          [
           0.997678974544979,
           0.9972899680743831,
           0.9973269199774245,
           0.9977810651011715,
           0.9988321592809851,
           1,
           0.9971998546581612,
           0.9977074325198324,
           0.9960618588538914,
           0.9974741676043801,
           0.9977440645589836,
           0.9986725261864045,
           0.9973443994974008
          ],
          [
           0.9993932388327031,
           0.9999289484296733,
           0.999549117867797,
           0.9992843789669091,
           0.9978232692417823,
           0.9971998546581612,
           1,
           0.9994219474140886,
           0.9974762952115995,
           0.9995990445867048,
           0.9992828744383645,
           0.9977176877105588,
           0.9998978121580103
          ],
          [
           0.9999046346241901,
           0.9994409041883283,
           0.9992630990673584,
           0.9996467103364085,
           0.9977271164849729,
           0.9977074325198324,
           0.9994219474140886,
           1,
           0.9979368088031223,
           0.9993724786316326,
           0.9996286884624442,
           0.997581255271029,
           0.9995610391314029
          ],
          [
           0.997847609706983,
           0.9978770597611345,
           0.9972567501863673,
           0.9977294641341394,
           0.995697827503203,
           0.9960618588538914,
           0.9974762952115995,
           0.9979368088031223,
           1,
           0.9977203779026721,
           0.9976243535345174,
           0.995318833517272,
           0.9977806599944636
          ],
          [
           0.999321279123274,
           0.9995857235888382,
           0.999920257960853,
           0.9996131304348311,
           0.9981022627873847,
           0.9974741676043801,
           0.9995990445867048,
           0.9993724786316326,
           0.9977203779026721,
           1,
           0.9996182832360254,
           0.9980076500923123,
           0.999679979321047
          ],
          [
           0.9995750122435603,
           0.9992486881602831,
           0.9995672326193722,
           0.9999527559313409,
           0.9978736723110908,
           0.9977440645589836,
           0.9992828744383645,
           0.9996286884624442,
           0.9976243535345174,
           0.9996182832360254,
           1,
           0.9977889871181074,
           0.9994134445135004
          ],
          [
           0.9975496886410334,
           0.997667529901059,
           0.9979778797852051,
           0.9977795223868595,
           0.9997725409951623,
           0.9986725261864045,
           0.9977176877105588,
           0.997581255271029,
           0.995318833517272,
           0.9980076500923123,
           0.9977889871181074,
           1,
           0.9977834049677438
          ],
          [
           0.999533153148158,
           0.9998932596343223,
           0.99960204861202,
           0.9994217587369804,
           0.9979061543996457,
           0.9973443994974008,
           0.9998978121580103,
           0.9995610391314029,
           0.9977806599944636,
           0.999679979321047,
           0.9994134445135004,
           0.9977834049677438,
           1
          ]
         ]
        }
       ],
       "layout": {
        "autosize": true,
        "coloraxis": {
         "colorscale": [
          [
           0,
           "#0d0887"
          ],
          [
           0.1111111111111111,
           "#46039f"
          ],
          [
           0.2222222222222222,
           "#7201a8"
          ],
          [
           0.3333333333333333,
           "#9c179e"
          ],
          [
           0.4444444444444444,
           "#bd3786"
          ],
          [
           0.5555555555555556,
           "#d8576b"
          ],
          [
           0.6666666666666666,
           "#ed7953"
          ],
          [
           0.7777777777777778,
           "#fb9f3a"
          ],
          [
           0.8888888888888888,
           "#fdca26"
          ],
          [
           1,
           "#f0f921"
          ]
         ]
        },
        "margin": {
         "t": 60
        },
        "template": {
         "data": {
          "bar": [
           {
            "error_x": {
             "color": "#2a3f5f"
            },
            "error_y": {
             "color": "#2a3f5f"
            },
            "marker": {
             "line": {
              "color": "#E5ECF6",
              "width": 0.5
             }
            },
            "type": "bar"
           }
          ],
          "barpolar": [
           {
            "marker": {
             "line": {
              "color": "#E5ECF6",
              "width": 0.5
             }
            },
            "type": "barpolar"
           }
          ],
          "carpet": [
           {
            "aaxis": {
             "endlinecolor": "#2a3f5f",
             "gridcolor": "white",
             "linecolor": "white",
             "minorgridcolor": "white",
             "startlinecolor": "#2a3f5f"
            },
            "baxis": {
             "endlinecolor": "#2a3f5f",
             "gridcolor": "white",
             "linecolor": "white",
             "minorgridcolor": "white",
             "startlinecolor": "#2a3f5f"
            },
            "type": "carpet"
           }
          ],
          "choropleth": [
           {
            "colorbar": {
             "outlinewidth": 0,
             "ticks": ""
            },
            "type": "choropleth"
           }
          ],
          "contour": [
           {
            "colorbar": {
             "outlinewidth": 0,
             "ticks": ""
            },
            "colorscale": [
             [
              0,
              "#0d0887"
             ],
             [
              0.1111111111111111,
              "#46039f"
             ],
             [
              0.2222222222222222,
              "#7201a8"
             ],
             [
              0.3333333333333333,
              "#9c179e"
             ],
             [
              0.4444444444444444,
              "#bd3786"
             ],
             [
              0.5555555555555556,
              "#d8576b"
             ],
             [
              0.6666666666666666,
              "#ed7953"
             ],
             [
              0.7777777777777778,
              "#fb9f3a"
             ],
             [
              0.8888888888888888,
              "#fdca26"
             ],
             [
              1,
              "#f0f921"
             ]
            ],
            "type": "contour"
           }
          ],
          "contourcarpet": [
           {
            "colorbar": {
             "outlinewidth": 0,
             "ticks": ""
            },
            "type": "contourcarpet"
           }
          ],
          "heatmap": [
           {
            "colorbar": {
             "outlinewidth": 0,
             "ticks": ""
            },
            "colorscale": [
             [
              0,
              "#0d0887"
             ],
             [
              0.1111111111111111,
              "#46039f"
             ],
             [
              0.2222222222222222,
              "#7201a8"
             ],
             [
              0.3333333333333333,
              "#9c179e"
             ],
             [
              0.4444444444444444,
              "#bd3786"
             ],
             [
              0.5555555555555556,
              "#d8576b"
             ],
             [
              0.6666666666666666,
              "#ed7953"
             ],
             [
              0.7777777777777778,
              "#fb9f3a"
             ],
             [
              0.8888888888888888,
              "#fdca26"
             ],
             [
              1,
              "#f0f921"
             ]
            ],
            "type": "heatmap"
           }
          ],
          "heatmapgl": [
           {
            "colorbar": {
             "outlinewidth": 0,
             "ticks": ""
            },
            "colorscale": [
             [
              0,
              "#0d0887"
             ],
             [
              0.1111111111111111,
              "#46039f"
             ],
             [
              0.2222222222222222,
              "#7201a8"
             ],
             [
              0.3333333333333333,
              "#9c179e"
             ],
             [
              0.4444444444444444,
              "#bd3786"
             ],
             [
              0.5555555555555556,
              "#d8576b"
             ],
             [
              0.6666666666666666,
              "#ed7953"
             ],
             [
              0.7777777777777778,
              "#fb9f3a"
             ],
             [
              0.8888888888888888,
              "#fdca26"
             ],
             [
              1,
              "#f0f921"
             ]
            ],
            "type": "heatmapgl"
           }
          ],
          "histogram": [
           {
            "marker": {
             "colorbar": {
              "outlinewidth": 0,
              "ticks": ""
             }
            },
            "type": "histogram"
           }
          ],
          "histogram2d": [
           {
            "colorbar": {
             "outlinewidth": 0,
             "ticks": ""
            },
            "colorscale": [
             [
              0,
              "#0d0887"
             ],
             [
              0.1111111111111111,
              "#46039f"
             ],
             [
              0.2222222222222222,
              "#7201a8"
             ],
             [
              0.3333333333333333,
              "#9c179e"
             ],
             [
              0.4444444444444444,
              "#bd3786"
             ],
             [
              0.5555555555555556,
              "#d8576b"
             ],
             [
              0.6666666666666666,
              "#ed7953"
             ],
             [
              0.7777777777777778,
              "#fb9f3a"
             ],
             [
              0.8888888888888888,
              "#fdca26"
             ],
             [
              1,
              "#f0f921"
             ]
            ],
            "type": "histogram2d"
           }
          ],
          "histogram2dcontour": [
           {
            "colorbar": {
             "outlinewidth": 0,
             "ticks": ""
            },
            "colorscale": [
             [
              0,
              "#0d0887"
             ],
             [
              0.1111111111111111,
              "#46039f"
             ],
             [
              0.2222222222222222,
              "#7201a8"
             ],
             [
              0.3333333333333333,
              "#9c179e"
             ],
             [
              0.4444444444444444,
              "#bd3786"
             ],
             [
              0.5555555555555556,
              "#d8576b"
             ],
             [
              0.6666666666666666,
              "#ed7953"
             ],
             [
              0.7777777777777778,
              "#fb9f3a"
             ],
             [
              0.8888888888888888,
              "#fdca26"
             ],
             [
              1,
              "#f0f921"
             ]
            ],
            "type": "histogram2dcontour"
           }
          ],
          "mesh3d": [
           {
            "colorbar": {
             "outlinewidth": 0,
             "ticks": ""
            },
            "type": "mesh3d"
           }
          ],
          "parcoords": [
           {
            "line": {
             "colorbar": {
              "outlinewidth": 0,
              "ticks": ""
             }
            },
            "type": "parcoords"
           }
          ],
          "pie": [
           {
            "automargin": true,
            "type": "pie"
           }
          ],
          "scatter": [
           {
            "marker": {
             "colorbar": {
              "outlinewidth": 0,
              "ticks": ""
             }
            },
            "type": "scatter"
           }
          ],
          "scatter3d": [
           {
            "line": {
             "colorbar": {
              "outlinewidth": 0,
              "ticks": ""
             }
            },
            "marker": {
             "colorbar": {
              "outlinewidth": 0,
              "ticks": ""
             }
            },
            "type": "scatter3d"
           }
          ],
          "scattercarpet": [
           {
            "marker": {
             "colorbar": {
              "outlinewidth": 0,
              "ticks": ""
             }
            },
            "type": "scattercarpet"
           }
          ],
          "scattergeo": [
           {
            "marker": {
             "colorbar": {
              "outlinewidth": 0,
              "ticks": ""
             }
            },
            "type": "scattergeo"
           }
          ],
          "scattergl": [
           {
            "marker": {
             "colorbar": {
              "outlinewidth": 0,
              "ticks": ""
             }
            },
            "type": "scattergl"
           }
          ],
          "scattermapbox": [
           {
            "marker": {
             "colorbar": {
              "outlinewidth": 0,
              "ticks": ""
             }
            },
            "type": "scattermapbox"
           }
          ],
          "scatterpolar": [
           {
            "marker": {
             "colorbar": {
              "outlinewidth": 0,
              "ticks": ""
             }
            },
            "type": "scatterpolar"
           }
          ],
          "scatterpolargl": [
           {
            "marker": {
             "colorbar": {
              "outlinewidth": 0,
              "ticks": ""
             }
            },
            "type": "scatterpolargl"
           }
          ],
          "scatterternary": [
           {
            "marker": {
             "colorbar": {
              "outlinewidth": 0,
              "ticks": ""
             }
            },
            "type": "scatterternary"
           }
          ],
          "surface": [
           {
            "colorbar": {
             "outlinewidth": 0,
             "ticks": ""
            },
            "colorscale": [
             [
              0,
              "#0d0887"
             ],
             [
              0.1111111111111111,
              "#46039f"
             ],
             [
              0.2222222222222222,
              "#7201a8"
             ],
             [
              0.3333333333333333,
              "#9c179e"
             ],
             [
              0.4444444444444444,
